[app/ui]
owner = admin
version = 8.0.2
modtime = 1583203568.582724000

[app/launcher]
version = 8.0.2
modtime = 1583203568.592722600

[app/package/check_for_updates]
version = 8.0.2
modtime = 1583203568.597722700

[app/install/state]
version = 8.0.2
modtime = 1583203838.001318400
