[app/ui]
version = 7.3.1
modtime = 1567942942.648753200

[app/launcher]
version = 7.3.1
modtime = 1567942942.651753500
