[app/ui]
version = 7.3.1
modtime = 1567942942.648753200

[app/launcher]
version = 7.3.1
modtime = 1567942942.651753500

[views/SearchByID]
version = 8.0.2
modtime = 1584767376.105274300
